g <- 1:100
h <- g * 2
