g <- 1:100
h <- g * 2


p <- 1:50
t <- 1:20
